
15
21
33
36
37
44
85
87
92
108
110
112
122
130
132
150
151
165
179
186
220
227
236
241
260
269
273
286
319
11
62
105
111
113
127
160
217
237
255
261
266
267
274
280
284
289
290
291
295
296
302
303
305
309
314
315
316
323
10
12
119
147
152
189
190
192
202
207
212
213
218
238
247
248
249
250
251
259
263
264
270
275
276
277
278
282
292
293
294
300
301
306
307
308
313
320
321
322
4
4
31
42
65
66
81
98
99
103
120
125
126
128
129
137
141
146
148
158
176
180
182
183
184
188
195
201
204
209
224
228
234
246
258
265
325
18
8
9
14
16
18
20
22
29
104
168
170
194
210
211
211
213
214
216
219
225
226
232
233
239
240
244
245
252
256
268
285
298
5
47
75
78
79
80
84
88
89
90
94
133
134
181
2
2
3
6
10
17
19
27
34
45
63
68
93
107
114
118
123
124
156
193
242
243
257
262
271
13
35
40
50
55
72
76
83
96
131
140
154
162
185
196
197
200
203
205
206
215
222
223
230
235
253
254
281
287
288
297
304
317
3
7
12
22
26
43
46
52
54
60
64
67
69
71
74
149
159
161
164
166
173
174
77
187
221
229
279
310
318
1
5
24
25
27
28
41
49
53
57
58
61
70
73
82
91
95
97
101
102
106
135
138
139
155
163
169
172
175
199
21
1
4
4
6
7
10
12
14
17
18
19
21
22
26
20
25
9
4
5
7
8
18
20
1
38
142
51
77
79
100
116
144
145
157
171
198
208
227
241
293
23
10
11
5
9
1
4
1
30
32
33
34
39
48
56
59
86
107
109
117
123
136
143
153
154
167
172
176
177
178
179
183
191
237
257
261
267
283
287
290
315
318
323
86
75
13
299
